1000
90 47 68
57 75 37
18 13 17
89 80 24
60 87 90
32 68 96
84 95 42
50 58 100
99 99 99
66 15 25
39 5 87
27 97 67
46 13 67
27 69 53
67 83 21
85 93 63
30 5 55
88 56 9
52 27 39
78 3 72
89 84 47
45 39 23
31 83 25
46 69 58
49 2 81
68 82 88
73 67 79
30 64 56
30 94 18
81 79 13
100 35 40
54 8 62
84 58 8
22 64 65
50 95 41
98 83 39
63 74 95
93 28 75
91 22 82
79 31 94
36 22 35
73 6 68
66 98 21
85 16 71
57 98 14
55 99 81
13 21 19
1 81 66
54 12 86
42 65 78
20 28 98
89 99 82
17 26 74
8 61 41
98 28 93
41 97 68
75 30 25
54 7 5
100 76 79
45 39 5
74 35 78
63 4 15
82 94 57
91 63 31
52 71 98
19 15 33
67 53 15
58 27 76
100 26 16
39 62 19
81 30 41
28 75 45
1 52 5
5 4 81
4 38 5
26 57 61
55 94 47
57 92 78
53 70 66
100 84 72
31 40 41
86 41 9
52 69 42
71 52 15
78 31 43
82 79 96
2 98 62
26 4 85
51 72 5
4 45 66
79 12 10
57 26 71
16 48 34
35 81 8
52 10 20
73 7 6
72 68 30
100 70 91
70 57 74
21 88 44
10 86 69
75 76 37
85 13 84
12 72 15
25 76 48
72 21 28
87 28 17
7 72 10
64 82 82
85 2 99
79 74 13
20 98 70
36 41 40
22 89 58
6 90 7
0 20 21
24 57 9
22 61 99
17 89 70
56 92 59
95 85 81
12 24 3
47 1 94
90 67 82
98 96 13
32 71 93
57 52 31
72 53 57
3 19 75
69 18 21
76 77 73
65 70 12
75 12 4
64 76 28
70 70 72
86 33 83
68 76 65
48 52 2
53 5 47
4 99 54
5 85 97
16 54 82
27 39 58
34 54 33
78 22 46
6 10 20
83 25 47
91 86 32
28 58 46
44 31 91
76 82 99
23 66 83
68 85 59
93 54 6
97 70 4
82 42 37
16 53 10
99 70 27
24 26 19
77 18 99
51 36 99
57 76 70
52 37 89
53 52 65
3 31 48
60 81 24
48 39 20
55 4 97
85 12 5
35 9 73
33 12 86
47 27 41
77 83 58
65 91 93
89 80 48
50 65 61
57 14 13
60 38 13
16 66 92
54 84 33
12 83 57
19 80 12
22 84 76
38 91 22
52 39 2
90 69 60
46 100 56
72 69 8
48 62 3
13 28 46
54 86 32
78 12 41
13 99 9
79 100 64
47 88 70
64 96 55
28 62 38
48 69 67
86 67 92
53 61 85
100 47 93
19 87 86
36 64 15
7 95 21
31 8 81
20 73 83
93 5 46
16 74 2
61 65 100
41 85 26
34 92 25
61 11 30
18 18 95
72 45 65
100 61 33
55 32 37
88 55 34
10 33 33
4 8 40
76 47 70
33 56 65
25 74 22
96 55 72
4 80 61
71 75 25
93 81 97
89 42 1
2 64 93
8 87 8
55 94 27
26 92 27
46 60 87
99 97 98
35 57 4
55 3 20
63 73 6
100 1 1
41 35 64
78 13 34
53 92 12
72 40 83
96 10 58
25 12 74
21 81 30
67 67 62
58 20 9
99 62 71
61 30 32
19 78 93
92 82 14
1 12 64
12 39 71
79 6 30
0 20 25
11 78 3
71 59 9
6 53 79
4 62 87
9 100 8
23 100 5
67 77 35
75 97 59
10 55 27
11 30 40
96 74 56
13 64 55
23 60 91
76 87 22
3 66 73
86 82 81
17 42 4
46 60 37
7 33 36
62 17 79
41 54 55
90 98 72
83 41 63
23 3 100
91 88 3
59 83 100
42 91 58
83 39 80
78 84 95
65 77 35
6 68 91
16 86 46
33 34 86
41 88 72
36 86 34
59 75 48
23 24 41
51 37 95
41 20 71
39 68 89
43 9 84
59 98 12
82 93 96
42 93 63
86 7 52
14 59 83
94 30 5
44 19 7
66 89 30
17 53 33
13 98 74
56 57 34
21 61 42
17 6 40
67 23 25
2 32 95
25 93 2
67 56 15
40 29 7
75 53 41
1 28 70
87 20 40
33 20 79
11 92 53
43 81 99
21 80 63
43 48 99
58 20 22
31 30 58
12 88 91
0 15 62
0 44 99
95 33 26
0 33 60
98 80 87
24 57 38
22 4 96
100 89 96
79 37 2
84 79 77
79 46 84
36 54 38
8 20 80
25 43 87
1 23 28
80 15 95
82 47 46
3 8 88
94 41 86
100 60 84
1 94 5
77 91 2
81 40 43
10 33 56
5 21 40
83 12 56
78 12 26
82 20 52
61 71 58
61 11 97
10 87 38
74 32 16
100 9 27
69 11 77
30 65 81
87 93 35
85 96 27
5 74 9
53 100 79
16 5 23
24 100 35
0 32 79
16 97 9
36 87 6
22 14 70
90 70 34
61 63 52
51 46 69
29 23 13
49 32 95
85 84 21
4 87 25
7 84 22
35 99 22
32 46 61
67 3 26
33 61 4
85 9 98
66 25 14
83 21 71
85 68 41
30 25 5
34 78 66
95 82 27
88 98 54
84 5 4
23 1 19
100 6 31
27 5 38
18 69 54
18 28 91
34 67 6
61 11 61
34 59 57
91 77 4
28 11 21
96 31 25
56 44 57
67 1 56
12 72 83
73 44 1
55 82 52
39 81 80
100 64 45
50 22 39
52 36 12
83 56 97
46 100 80
4 42 74
34 72 48
46 54 18
68 63 40
94 73 33
95 11 94
45 38 11
34 26 6
79 67 41
9 77 77
100 54 94
38 27 52
10 34 81
56 87 92
49 60 88
75 63 74
90 93 62
89 48 41
85 70 9
16 96 54
74 83 52
100 28 10
75 79 54
15 70 53
66 17 16
44 88 41
17 46 54
90 24 63
34 29 37
13 15 91
27 56 28
76 21 60
29 71 99
49 78 52
18 57 73
96 46 59
28 96 15
15 12 1
91 83 54
49 47 74
52 56 84
81 64 71
76 5 76
55 55 17
39 62 18
48 46 58
73 32 97
73 35 23
41 12 92
41 5 75
69 62 92
97 14 17
69 39 59
91 74 34
28 1 34
38 55 3
16 12 2
100 91 42
69 74 98
80 22 42
72 73 82
19 61 77
86 22 44
56 80 4
84 98 25
94 62 11
95 24 55
68 94 26
100 89 76
67 45 63
47 2 34
99 61 22
66 20 11
69 44 38
83 88 33
28 81 52
61 53 3
25 61 69
93 94 28
9 70 2
2 57 53
61 34 14
21 84 62
57 28 81
81 8 37
14 58 26
19 54 59
49 35 2
50 22 86
45 61 96
73 91 41
87 78 17
40 5 31
80 66 44
39 12 84
20 56 69
97 16 13
51 65 58
16 93 89
14 12 58
34 85 73
34 15 71
25 24 95
5 98 52
19 32 19
32 60 75
35 97 48
91 59 33
37 3 58
13 15 75
30 41 28
80 60 28
95 23 15
78 28 94
51 39 32
19 53 6
67 88 33
66 43 12
84 90 42
30 17 52
12 59 63
61 58 61
70 35 42
47 32 85
38 31 43
15 29 66
50 96 59
53 28 74
60 5 38
97 88 98
67 45 84
38 15 17
34 74 94
65 48 46
19 13 36
5 47 66
67 14 93
94 53 82
37 92 57
58 86 97
1 42 57
43 82 22
60 24 94
98 4 46
61 85 22
97 44 64
55 98 32
13 66 1
93 6 84
31 37 19
83 27 46
56 65 95
69 82 83
2 36 39
25 47 39
0 55 55
91 77 63
24 64 84
20 46 63
0 10 42
96 23 25
7 62 58
45 62 57
75 69 6
27 65 77
4 84 60
32 10 75
58 36 22
63 38 11
50 20 90
20 11 46
42 67 86
39 94 64
57 61 15
17 73 94
80 53 38
52 20 71
7 29 86
78 21 43
84 63 23
96 95 29
13 42 34
38 8 35
42 67 14
1 87 21
57 59 38
63 42 23
7 54 41
75 28 25
71 35 27
95 11 94
15 74 4
74 3 72
93 26 48
33 6 28
83 15 78
65 77 76
98 22 42
19 25 7
5 77 3
3 83 27
86 98 75
0 89 69
61 55 7
29 75 87
4 11 83
2 100 54
30 15 68
82 35 76
18 89 10
30 60 84
82 97 70
75 97 39
32 77 66
24 8 15
95 21 59
76 23 47
1 7 59
84 69 3
27 61 19
14 78 60
82 24 95
31 20 6
67 60 99
28 95 81
46 71 15
95 85 18
43 86 20
15 81 30
55 37 9
82 45 77
37 21 1
50 78 61
98 100 65
0 39 48
76 84 67
52 96 17
58 63 62
93 24 72
18 66 28
51 66 33
36 60 91
67 48 15
76 86 17
94 13 95
35 68 35
10 37 85
15 19 12
71 8 8
73 94 6
80 70 89
54 83 44
9 72 95
99 60 89
88 5 55
19 90 69
70 72 24
57 71 100
43 97 35
91 41 56
30 44 90
42 35 78
5 95 26
52 68 11
39 62 100
77 75 10
52 91 16
34 29 29
87 12 14
67 68 52
81 53 85
67 5 11
43 41 16
74 86 76
18 75 3
22 95 30
55 58 79
75 2 67
83 77 98
10 19 4
66 19 66
4 92 13
20 73 91
83 45 78
96 28 17
1 73 59
32 15 55
34 72 75
14 72 37
68 55 29
6 74 68
34 66 96
98 31 67
43 54 4
90 22 23
77 76 20
18 75 8
79 87 63
12 3 26
80 46 30
14 63 94
73 41 26
87 21 91
93 73 82
77 97 48
71 76 48
68 23 60
17 81 100
4 25 17
91 47 20
67 89 59
70 67 75
43 47 33
74 77 38
34 16 89
8 44 91
83 77 15
77 89 85
43 72 63
79 70 92
92 7 98
73 94 45
46 4 73
41 98 74
45 12 15
99 92 73
49 42 78
44 27 57
44 68 69
12 100 82
40 87 59
51 7 31
77 75 53
92 38 94
56 35 42
21 94 36
71 28 4
20 62 88
37 77 96
7 21 17
1 45 6
61 29 41
82 70 56
43 24 79
55 36 81
44 52 32
7 56 41
83 83 38
29 36 86
100 68 14
21 52 78
80 94 17
53 3 4
21 63 84
36 98 27
91 5 25
76 78 55
13 55 55
100 63 3
96 33 27
40 29 19
23 70 19
35 8 16
6 33 77
91 2 11
41 87 80
6 45 79
9 78 90
55 80 45
38 42 11
70 88 73
45 54 78
54 13 86
1 23 57
70 35 40
35 43 32
91 10 57
67 7 97
17 36 76
84 30 23
48 55 54
8 64 34
62 90 75
38 87 35
42 7 15
25 68 86
49 48 55
78 92 39
47 88 38
96 23 79
80 2 41
73 81 29
62 57 13
92 31 9
11 73 54
97 82 93
28 53 36
2 93 86
40 67 34
36 67 58
23 35 44
84 71 12
31 57 62
80 65 25
23 79 47
20 71 63
31 9 89
81 58 33
90 37 82
3 89 85
82 19 81
30 57 67
62 86 17
5 20 37
54 73 68
73 100 14
82 56 91
51 32 31
55 47 53
75 18 15
63 97 5
74 27 60
55 12 25
99 41 62
84 24 17
5 100 52
54 18 72
10 9 17
100 39 9
57 10 21
2 59 23
26 91 40
75 37 68
68 31 60
25 55 35
98 87 25
18 82 44
61 12 61
38 13 25
84 32 46
41 48 10
100 90 10
29 25 59
69 96 28
2 42 20
95 22 15
51 76 26
28 74 83
54 28 31
16 79 40
82 28 71
28 46 55
92 55 47
4 47 5
26 26 94
8 2 87
4 90 64
65 42 19
49 11 58
64 20 30
11 45 47
35 22 38
8 47 90
64 81 11
84 70 75
30 5 25
11 10 80
53 6 61
56 56 52
27 81 7
36 93 63
16 58 42
38 96 19
23 76 96
20 46 39
6 97 77
68 47 78
77 21 90
24 84 57
77 23 24
52 60 75
16 81 80
38 86 11
46 26 68
33 44 96
55 94 1
1 13 64
52 79 95
70 93 6
1 55 20
80 32 67
42 33 8
7 29 92
100 31 11
100 55 38
84 79 64
28 9 52
91 35 47
7 68 97
52 90 42
82 86 16
91 2 82
55 2 71
69 25 52
81 4 75
25 43 2
41 58 27
79 88 11
42 25 39
35 45 55
96 97 9
42 33 100
36 69 53
42 73 40
80 33 25
86 92 88
70 87 37
97 40 88
99 95 91
60 83 20
55 84 13
12 71 89
38 20 36
44 35 57
68 13 87
75 93 5
47 68 48
23 7 3
39 5 38
98 41 60
5 97 10
73 4 82
20 56 46
91 10 23
46 59 25
19 77 96
96 100 18
60 34 72
28 2 36
62 18 5
23 74 80
22 54 16
71 28 11
34 92 69
81 64 70
20 46 23
66 68 37
98 6 75
19 38 41
85 7 21
91 48 60
63 5 13
28 100 1
74 76 22
25 17 18
16 88 96
7 84 93
56 43 8
23 8 13
97 18 34
49 37 81
59 72 79
84 74 99
77 28 9
66 69 9
33 39 73
19 71 93
57 38 52
27 86 68
23 17 75
76 27 10
51 52 94
72 17 12
37 56 98
44 4 23
79 48 76
13 63 44
100 87 47
4 64 60
73 29 39
4 99 34
59 46 2
11 99 92
20 2 14
89 37 94
9 76 39
12 55 55
35 71 80
